14 134
10 4 700582
3 11 9889
3 5 534269
3 9 547697
3 8 917466
9 6 832510
9 1 917135
11 3 629901
12 1 915297
0 11 204169
12 5 441098
10 9 679720
2 6 230170
8 11 701220
10 11 872832
13 2 472904
3 1 851050
5 7 152268
9 8 115761
4 10 135534
6 5 751102
11 6 353840
5 11 866292
4 8 928492
11 10 257089
5 6 336590
1 0 818616
8 10 873609
6 4 956703
10 5 685438
8 5 912955
10 0 919299
8 0 157484
8 1 665674
4 3 287882
13 1 822821
8 7 285602
7 11 223571
4 0 193104
2 12 449833
12 10 317426
12 3 181082
4 9 319082
5 12 701177
10 1 145870
5 3 621669
6 10 61306
13 10 339180
9 12 645237
6 12 524736
5 9 322413
0 8 488453
7 2 73272
13 5 276259
12 0 896789
9 5 749271
3 2 512512
11 1 866606
10 8 501393
5 10 140080
1 11 987100
7 9 222438
5 13 335419
0 5 299898
1 4 599174
7 1 430124
12 6 204893
1 6 45952
12 2 663304
5 2 60891
12 11 48300
1 8 290658
1 10 256864
7 10 941459
7 0 757749
9 0 405518
0 1 359637
8 12 309606
0 7 738627
1 7 675709
6 11 466840
8 9 292090
2 7 57113
1 2 949896
1 3 176602
8 3 796859
2 11 337298
3 4 818415
1 12 277483
2 10 868769
6 0 841410
2 8 296431
2 3 934944
9 2 412453
1 13 248243
12 9 560426
5 4 226698
9 11 903166
4 1 706908
13 0 36929
6 8 412903
0 3 624762
5 8 954007
13 8 860713
10 3 719401
2 4 783071
4 11 36470
10 12 794561
6 9 718241
9 13 677687
2 0 327878
5 1 714269
7 5 606979
2 5 387440
7 8 19551
8 2 230100
0 2 774507
3 7 699006
11 5 814389
0 12 476353
4 6 838255
4 13 127304
0 4 371628
3 13 362489
4 2 161580
1 5 89055
11 9 310990
13 7 76736
11 0 453461
6 1 264559
2 13 404895
5 0 938168
6 2 865870
8 13 940617
