18 276
13 2 906414
13 12 448266
8 7 791696
3 17 470766
17 1 654907
9 1 815720
7 17 977422
16 14 641792
5 8 183631
3 10 628758
3 14 669543
2 14 488517
3 4 247961
1 6 516317
6 5 956193
6 17 343782
9 4 405130
1 16 841357
7 1 785512
11 13 479000
17 5 356447
15 3 687658
13 10 824921
15 2 787123
14 17 134323
17 10 308160
17 6 885649
12 13 264887
16 0 758196
7 15 794725
0 4 486894
15 0 93345
2 17 446904
7 2 605200
14 0 279527
1 14 705537
13 11 895269
1 11 486193
16 17 238994
14 4 245091
12 5 238250
5 17 177180
12 15 382629
1 15 290211
13 15 255972
4 1 371563
1 8 739792
9 0 634887
0 13 432313
7 5 935462
15 16 356988
6 0 864164
5 2 550543
3 7 5148
0 8 172726
3 16 162851
13 3 836192
9 15 51225
3 1 331151
8 2 392348
3 9 942722
14 15 329986
5 13 261522
10 9 385560
8 14 754014
10 2 922024
2 7 962018
7 6 879609
3 13 169246
12 9 818447
17 11 651346
5 3 269298
3 0 870382
6 11 255414
4 8 661957
14 5 788653
16 2 444375
10 16 803544
2 1 632566
0 12 432433
17 12 510124
10 14 497579
8 4 173347
8 3 17405
11 12 294647
6 7 717267
2 10 849852
14 16 982585
6 13 823438
10 3 921765
14 6 402111
11 6 122776
9 12 378111
12 7 68733
13 1 631774
1 4 397254
13 4 888325
9 2 163093
14 13 304723
0 10 436968
11 7 532700
1 7 94416
16 1 657150
5 15 102783
9 10 314998
11 9 482332
17 2 767668
17 9 563593
4 10 47778
17 14 672805
2 13 166193
0 3 854151
7 4 997593
6 8 116189
10 0 714092
1 0 934387
5 6 223741
5 12 145693
2 8 105803
9 14 877828
15 13 305726
10 12 654260
0 17 997971
16 11 251874
2 16 882880
13 6 758003
13 5 511087
5 14 619941
11 3 145748
11 2 327346
5 11 321988
2 0 622982
4 11 323239
10 7 459322
14 1 533502
1 17 882544
15 10 730013
15 11 945324
11 8 787358
5 4 806434
16 9 154579
14 2 235661
4 0 209293
3 15 690696
6 16 108082
4 2 247583
12 6 312478
10 1 8501
17 13 671943
3 6 581108
7 13 804972
0 1 77374
10 13 516806
4 12 295670
10 8 252598
1 9 490752
8 15 182891
4 16 72840
16 6 98364
15 8 779926
15 4 297929
12 16 669218
15 9 930777
17 7 762473
7 14 661892
11 4 808162
4 7 839934
10 11 34550
14 10 940936
9 8 177254
2 11 948674
0 5 117060
15 17 910768
6 1 556450
0 11 986138
12 10 764632
2 4 880235
3 11 927175
12 1 627918
4 17 930081
11 16 582282
5 9 273024
14 8 656481
6 3 778954
7 3 154144
13 14 307300
2 15 140563
17 8 267084
8 0 646961
17 0 93165
10 4 676260
0 16 949868
13 7 807996
2 3 400209
8 10 599393
11 5 758426
5 10 101235
6 2 603890
2 9 371727
0 15 871482
12 2 371754
13 16 661391
16 4 635843
7 0 596350
8 6 268359
13 0 432253
15 5 547309
15 7 533815
14 7 291867
6 9 823920
10 6 297016
16 12 589285
2 12 130147
8 5 672316
1 12 608721
4 6 544094
14 3 238929
6 4 525493
12 4 650310
3 8 673925
8 9 327707
17 4 379637
17 3 521002
7 10 263022
4 14 396530
9 17 220478
9 3 669287
8 12 124498
11 17 519288
7 12 817657
13 17 856961
12 8 141185
6 10 83586
16 8 487011
2 5 304871
7 9 168914
2 6 816168
9 7 23944
11 14 11056
3 2 182740
13 8 890259
15 12 133833
8 17 729332
12 3 875329
0 9 571494
5 16 925683
0 14 87438
0 7 40694
1 10 766248
9 6 421269
8 13 237695
13 9 736400
14 12 171435
6 12 423735
11 15 80012
0 6 622779
1 3 526043
12 0 46166
7 8 47645
7 16 536697
1 2 163534
4 15 563944
4 13 45597
5 1 938346
14 11 681397
6 14 915667
8 11 982500
9 11 489305
10 5 928760
16 7 369129
16 3 35864
4 9 495393
8 1 781222
9 13 333632
4 3 12108
9 16 964357
